[data]
n = 4
r1 = 1,-2,4,7
r2 = -2,3,5,8
r3 = 4,5,6,7
r4 = 7,8,7,4

[solution]
lambda1 = 19.5632728485
lambda2 = -8.81852123109
lambda3 = 3.88746021814
lambda4 = -0.632211835537
eigv1 = [ 0.31073888 -0.56935829  0.71891007  0.24988158]
eigv2 = [ 0.43539351 -0.53492302 -0.68910805  0.22230598]
eigv3 = [ 0.57273156  0.03989804  0.06766137 -0.81597098]
eigv4 = [ 0.62117019  0.62297403  0.06099466  0.47151946]

[solution]
lambda1 = 19.5632728485
lambda2 = -8.81852123109
lambda3 = 3.88746021814
lambda4 = -0.632211835537
eigv1 = [ 0.31073888 -0.56935829  0.71891007  0.24988158]
eigv2 = [ 0.43539351 -0.53492302 -0.68910805  0.22230598]
eigv3 = [ 0.57273156  0.03989804  0.06766137 -0.81597098]
eigv4 = [ 0.62117019  0.62297403  0.06099466  0.47151946]

